TRAIN 
MAPE: 0.07275935854822943  
R:0.9777508750138016
TheilU:0.04240770605473929

TEST 
MAPE: 0.03651365176913822 
R: 0.6808162471786829 
TheilU: 0.023163561119378052